     n         h                l                k               nl               nk
     1  -0.28954527E+00   0.10510547E+00   0.00000000E+00   0.10510547E+00   0.00000000E+00
     2  -0.99869274E+00   0.25001502E-01  -0.30520383E+00   0.50003004E-01  -0.61040766E+00
     3  -0.10611970E+01   0.71919146E-01  -0.19582923E+00   0.21575744E+00  -0.58748769E+00
     4  -0.10665404E+01   0.60869626E-01  -0.13343236E+00   0.24347850E+00  -0.53372944E+00
     5  -0.11017207E+01   0.48440186E-01  -0.10439044E+00   0.24220093E+00  -0.52195220E+00
     6  -0.11613112E+01   0.40890712E-01  -0.89928646E-01   0.24534427E+00  -0.53957188E+00
     7  -0.12318159E+01   0.36507468E-01  -0.81580968E-01   0.25555228E+00  -0.57106678E+00
     8  -0.13052568E+01   0.33773965E-01  -0.75996160E-01   0.27019172E+00  -0.60796928E+00
     9  -0.13779232E+01   0.31904127E-01  -0.71821383E-01   0.28713714E+00  -0.64639245E+00
    10  -0.14483343E+01   0.30528468E-01  -0.68469522E-01   0.30528468E+00  -0.68469522E+00
    12  -0.15808823E+01   0.28628455E-01  -0.63225322E-01   0.34354146E+00  -0.75870386E+00
    15  -0.17593681E+01   0.26918644E-01  -0.57401020E-01   0.40377966E+00  -0.86101530E+00
    18  -0.19155590E+01   0.25836017E-01  -0.52880098E-01   0.46504831E+00  -0.95184176E+00
    21  -0.20516290E+01   0.24986480E-01  -0.49090572E-01   0.52471608E+00  -0.10309020E+01
    23  -0.21322212E+01   0.24461245E-01  -0.46837300E-01   0.56260864E+00  -0.10772579E+01
    25  -0.22054836E+01   0.23941994E-01  -0.44752981E-01   0.59854985E+00  -0.11188245E+01
    32  -0.24136062E+01   0.22092540E-01  -0.38487197E-01   0.70696128E+00  -0.12315903E+01
    36  -0.25059404E+01   0.21026770E-01  -0.35487625E-01   0.75696372E+00  -0.12775545E+01
    56  -0.28076398E+01   0.16304501E-01  -0.24913566E-01   0.91305206E+00  -0.13951597E+01
   100  -0.31794102E+01   0.10399202E-01  -0.14728753E-01   0.10399202E+01  -0.14728753E+01
   180  -0.37018161E+01   0.64535650E-02  -0.90092029E-02   0.11616417E+01  -0.16216565E+01
   250  -0.40901418E+01   0.50923635E-02  -0.71500425E-02   0.12730909E+01  -0.17875106E+01
   325  -0.44346703E+01   0.43056236E-02  -0.60422275E-02   0.13993277E+01  -0.19637239E+01
   550  -0.50653550E+01   0.30908333E-02  -0.42484303E-02   0.16999583E+01  -0.23366367E+01
   750  -0.52994060E+01   0.24487991E-02  -0.33194988E-02   0.18365993E+01  -0.24896241E+01
  1000  -0.54103312E+01   0.19088621E-02  -0.25660157E-02   0.19088621E+01  -0.25660157E+01
  1800  -0.54606265E+01   0.10802147E-02  -0.14463612E-02   0.19443865E+01  -0.26034502E+01
  3000  -0.54621309E+01   0.64824711E-03  -0.86857677E-03   0.19447413E+01  -0.26057303E+01
  5000  -0.54625073E+01   0.38890223E-03  -0.52134410E-03   0.19445112E+01  -0.26067205E+01
  7000  -0.54626687E+01   0.27777318E-03  -0.37244927E-03   0.19444123E+01  -0.26071449E+01
 10000  -0.54627899E+01   0.19443382E-03  -0.26074634E-03   0.19443382E+01  -0.26074634E+01
 13000  -0.54628553E+01   0.14956142E-03  -0.20058731E-03   0.19442985E+01  -0.26076350E+01
 13182  -0.54628583E+01   0.14749633E-03  -0.19781846E-03   0.19442966E+01  -0.26076429E+01
 14210  -0.54628739E+01   0.13682528E-03  -0.18351047E-03   0.19442872E+01  -0.26076838E+01
 15240  -0.54628874E+01   0.12757736E-03  -0.17111018E-03   0.19442790E+01  -0.26077191E+01
 16272  -0.54628992E+01   0.11948574E-03  -0.16025996E-03   0.19442720E+01  -0.26077501E+01
 17306  -0.54629096E+01   0.11234633E-03  -0.15068632E-03   0.19442656E+01  -0.26077775E+01
 18342  -0.54629189E+01   0.10600044E-03  -0.14217652E-03   0.19442601E+01  -0.26078017E+01
 19380  -0.54629272E+01   0.10032276E-03  -0.13456262E-03   0.19442551E+01  -0.26078236E+01
 20420  -0.54629347E+01   0.95213061E-04  -0.12771024E-03   0.19442507E+01  -0.26078431E+01
 21462  -0.54629415E+01   0.90590193E-04  -0.12151062E-03   0.19442467E+01  -0.26078609E+01
 22506  -0.54629477E+01   0.86387770E-04  -0.11587475E-03   0.19442432E+01  -0.26078771E+01
 23552  -0.54629533E+01   0.82550947E-04  -0.11072910E-03   0.19442399E+01  -0.26078918E+01
 24600  -0.54629585E+01   0.79034022E-04  -0.10601242E-03   0.19442369E+01  -0.26079055E+01
 25650  -0.54629634E+01   0.75798607E-04  -0.10167321E-03   0.19442343E+01  -0.26079178E+01
 26702  -0.54629678E+01   0.72812218E-04  -0.97667947E-04   0.19442318E+01  -0.26079295E+01
 27756  -0.54629719E+01   0.70047184E-04  -0.93959513E-04   0.19442296E+01  -0.26079402E+01
 28812  -0.54629758E+01   0.67479788E-04  -0.90516113E-04   0.19442277E+01  -0.26079502E+01
 29870  -0.54629794E+01   0.65089582E-04  -0.87310331E-04   0.19442258E+01  -0.26079596E+01
 30930  -0.54629828E+01   0.62858849E-04  -0.84318407E-04   0.19442242E+01  -0.26079683E+01
 31992  -0.54629860E+01   0.60772153E-04  -0.81519647E-04   0.19442227E+01  -0.26079765E+01
 33056  -0.54629891E+01   0.58815991E-04  -0.78895943E-04   0.19442214E+01  -0.26079843E+01
 34122  -0.54629920E+01   0.56978495E-04  -0.76431382E-04   0.19442202E+01  -0.26079916E+01
 35190  -0.54629947E+01   0.55249195E-04  -0.74111922E-04   0.19442192E+01  -0.26079985E+01
 36260  -0.54629974E+01   0.53618816E-04  -0.71925128E-04   0.19442183E+01  -0.26080051E+01
 37332  -0.54629999E+01   0.52079114E-04  -0.69859943E-04   0.19442175E+01  -0.26080114E+01
 38406  -0.54630023E+01   0.50622738E-04  -0.67906509E-04   0.19442169E+01  -0.26080174E+01
 39482  -0.54630047E+01   0.49243107E-04  -0.66056004E-04   0.19442164E+01  -0.26080231E+01
 40560  -0.54630070E+01   0.47934319E-04  -0.64300509E-04   0.19442160E+01  -0.26080286E+01
 41640  -0.54630092E+01   0.46691060E-04  -0.62632900E-04   0.19442157E+01  -0.26080340E+01
 42722  -0.54630114E+01   0.45508535E-04  -0.61046747E-04   0.19442156E+01  -0.26080391E+01
 43806  -0.54630136E+01   0.44382406E-04  -0.59536230E-04   0.19442157E+01  -0.26080441E+01
 44892  -0.54630157E+01   0.43308738E-04  -0.58096074E-04   0.19442159E+01  -0.26080490E+01
 45980  -0.54630179E+01   0.42283955E-04  -0.56721481E-04   0.19442163E+01  -0.26080537E+01
 46340  -0.54630186E+01   0.41955468E-04  -0.56280864E-04   0.19442164E+01  -0.26080552E+01
   inf  -0.54630734E+01   0.41954371E-04  -0.56284140E-04   0.19441656E+01  -0.26082070E+01