     n         h                l                k               nl               nk
     1  -0.28891623E+00   0.10531330E+00   0.00000000E+00   0.10531330E+00   0.00000000E+00
     2  -0.99952671E+00   0.24608720E-01  -0.30646965E+00   0.49217440E-01  -0.61293930E+00
     3  -0.10614041E+01   0.71739534E-01  -0.19680633E+00   0.21521860E+00  -0.59041899E+00
     4  -0.10654951E+01   0.60630118E-01  -0.13407625E+00   0.24252047E+00  -0.53630500E+00
     5  -0.10995772E+01   0.48107639E-01  -0.10485222E+00   0.24053820E+00  -0.52426110E+00
     6  -0.11582994E+01   0.40496007E-01  -0.90299054E-01   0.24297604E+00  -0.54179432E+00
     7  -0.12280762E+01   0.36074983E-01  -0.81899048E-01   0.25252488E+00  -0.57329334E+00
     8  -0.13008602E+01   0.33316447E-01  -0.76277488E-01   0.26653158E+00  -0.61021990E+00
     9  -0.13729051E+01   0.31427757E-01  -0.72072535E-01   0.28284981E+00  -0.64865282E+00
    10  -0.14427168E+01   0.30036687E-01  -0.68694021E-01   0.30036687E+00  -0.68694021E+00
    12  -0.15741220E+01   0.28112912E-01  -0.63403911E-01   0.33735494E+00  -0.76084693E+00
    15  -0.17510246E+01   0.26379743E-01  -0.57524609E-01   0.39569614E+00  -0.86286913E+00
    18  -0.19057277E+01   0.25278927E-01  -0.52958270E-01   0.45502069E+00  -0.95324886E+00
    21  -0.20403241E+01   0.24408016E-01  -0.49127579E-01   0.51256834E+00  -0.10316792E+01
    23  -0.21199255E+01   0.23865275E-01  -0.46848503E-01   0.54890132E+00  -0.10775156E+01
    25  -0.21921980E+01   0.23326245E-01  -0.44740004E-01   0.58315613E+00  -0.11185001E+01
    32  -0.23971591E+01   0.21403028E-01  -0.38409674E-01   0.68489690E+00  -0.12291096E+01
    36  -0.24881615E+01   0.20302298E-01  -0.35391019E-01   0.73088273E+00  -0.12740767E+01
    56  -0.27901751E+01   0.15542867E-01  -0.24864928E-01   0.87040055E+00  -0.13924360E+01
   100  -0.31753312E+01   0.97496131E-02  -0.14856282E-01   0.97496131E+00  -0.14856282E+01
   180  -0.37212422E+01   0.59282998E-02  -0.92326824E-02   0.10670940E+01  -0.16618828E+01
   250  -0.41357880E+01   0.46814799E-02  -0.74085585E-02   0.11703700E+01  -0.18521396E+01
   325  -0.45091018E+01   0.39991183E-02  -0.63146438E-02   0.12997134E+01  -0.20522592E+01
   550  -0.51999583E+01   0.29533828E-02  -0.44929041E-02   0.16243605E+01  -0.24710973E+01
   750  -0.54566793E+01   0.23651487E-02  -0.35207727E-02   0.17738615E+01  -0.26405795E+01
  1000  -0.55779796E+01   0.18527307E-02  -0.27244135E-02   0.18527307E+01  -0.27244135E+01
  1800  -0.56331861E+01   0.10508665E-02  -0.15363065E-02   0.18915597E+01  -0.27653517E+01
  3000  -0.56350912E+01   0.63068843E-03  -0.92263848E-03   0.18920653E+01  -0.27679154E+01
  5000  -0.56356625E+01   0.37837739E-03  -0.55380862E-03   0.18918869E+01  -0.27690431E+01
  7000  -0.56359073E+01   0.27025861E-03  -0.39564663E-03   0.18918103E+01  -0.27695264E+01
 10000  -0.56360912E+01   0.18917529E-03  -0.27698892E-03   0.18917529E+01  -0.27698892E+01
 13000  -0.56361903E+01   0.14551708E-03  -0.21308343E-03   0.18917220E+01  -0.27700846E+01
 13182  -0.56361949E+01   0.14350786E-03  -0.21014213E-03   0.18917206E+01  -0.27700936E+01
 14210  -0.56362184E+01   0.13312550E-03  -0.19494300E-03   0.18917134E+01  -0.27701400E+01
 15240  -0.56362389E+01   0.12412776E-03  -0.18177037E-03   0.18917071E+01  -0.27701804E+01
 16272  -0.56362568E+01   0.11625501E-03  -0.17024432E-03   0.18917015E+01  -0.27702156E+01
 17306  -0.56362726E+01   0.10930872E-03  -0.16007436E-03   0.18916967E+01  -0.27702469E+01
 18342  -0.56362867E+01   0.10313447E-03  -0.15103448E-03   0.18916924E+01  -0.27702744E+01
 19380  -0.56362993E+01   0.97610353E-04  -0.14294630E-03   0.18916886E+01  -0.27702993E+01
 20420  -0.56363106E+01   0.92638847E-04  -0.13566707E-03   0.18916853E+01  -0.27703216E+01
 21462  -0.56363209E+01   0.88141003E-04  -0.12908125E-03   0.18916822E+01  -0.27703418E+01
 22506  -0.56363302E+01   0.84052229E-04  -0.12309430E-03   0.18916795E+01  -0.27703603E+01
 23552  -0.56363388E+01   0.80319166E-04  -0.11762810E-03   0.18916770E+01  -0.27703770E+01
 24600  -0.56363466E+01   0.76897348E-04  -0.11261758E-03   0.18916748E+01  -0.27703925E+01
 25650  -0.56363539E+01   0.73749425E-04  -0.10800806E-03   0.18916728E+01  -0.27704067E+01
 26702  -0.56363606E+01   0.70843792E-04  -0.10375327E-03   0.18916709E+01  -0.27704198E+01
 27756  -0.56363668E+01   0.68153527E-04  -0.99813808E-04   0.18916693E+01  -0.27704321E+01
 28812  -0.56363726E+01   0.65655554E-04  -0.96155887E-04   0.18916678E+01  -0.27704434E+01
 29870  -0.56363780E+01   0.63329980E-04  -0.92750386E-04   0.18916665E+01  -0.27704540E+01
 30930  -0.56363831E+01   0.61159565E-04  -0.89572065E-04   0.18916653E+01  -0.27704640E+01
 31992  -0.56363879E+01   0.59129292E-04  -0.86598940E-04   0.18916643E+01  -0.27704733E+01
 33056  -0.56363924E+01   0.57226022E-04  -0.83811777E-04   0.18916634E+01  -0.27704821E+01
 34122  -0.56363967E+01   0.55438210E-04  -0.81193670E-04   0.18916626E+01  -0.27704904E+01
 35190  -0.56364008E+01   0.53755668E-04  -0.78729703E-04   0.18916620E+01  -0.27704982E+01
 36260  -0.56364047E+01   0.52169371E-04  -0.76406666E-04   0.18916614E+01  -0.27705057E+01
 37332  -0.56364084E+01   0.50671300E-04  -0.74212815E-04   0.18916610E+01  -0.27705128E+01
 38406  -0.56364119E+01   0.49254301E-04  -0.72137676E-04   0.18916607E+01  -0.27705196E+01
 39482  -0.56364153E+01   0.47911973E-04  -0.70171878E-04   0.18916605E+01  -0.27705261E+01
 40560  -0.56364186E+01   0.46638571E-04  -0.68307010E-04   0.18916604E+01  -0.27705323E+01
 41640  -0.56364219E+01   0.45428927E-04  -0.66535502E-04   0.18916605E+01  -0.27705383E+01
 42722  -0.56364250E+01   0.44278374E-04  -0.64850524E-04   0.18916607E+01  -0.27705441E+01
 43806  -0.56364280E+01   0.43182693E-04  -0.63245895E-04   0.18916610E+01  -0.27705497E+01
 44892  -0.56364310E+01   0.42138054E-04  -0.61716010E-04   0.18916615E+01  -0.27705551E+01
 45980  -0.56364340E+01   0.41140978E-04  -0.60255773E-04   0.18916622E+01  -0.27705604E+01
 46340  -0.56364350E+01   0.40821372E-04  -0.59787703E-04   0.18916624E+01  -0.27705622E+01
   inf  -0.56365209E+01   0.40820438E-04  -0.59791455E-04   0.18916191E+01  -0.27707360E+01